Time,susceptible_lambda_W
0,0
0.25,0
0.5,0.42766
0.75,0.931122
1,2.44412
1.25,2.94554
1.5,3.28698
1.75,5.52632
2,8.10116
2.25,7.351
2.5,7.69895
2.75,8.34814
3,8.33375
3.25,8.39694
3.5,8.33265
3.75,8.30186
4,8.10699
4.25,8.1308
4.5,8.28548
4.75,8.29211
5,8.10145
5.25,9.94286
5.5,10.1834
5.75,9.13885
6,12.4558
6.25,9.32907
6.5,10.2537
6.75,9.9329
7,9.81843
7.25,17.3325
7.5,17.4838
7.75,18.6886
8,18.4787
8.25,19.1559
8.5,20.902
8.75,19.9775
9,19.1603
9.25,18.7948
9.5,16.029
9.75,16.0599
10,15.6774
10.25,16.3748
10.5,19.3226
10.75,20.0042
11,23.5888
11.25,20.3742
11.5,20.0022
11.75,23.4127
12,30.1317
12.25,31.2097
12.5,31.2973
12.75,32.6513
13,31.938
13.25,41.5858
13.5,40.838
13.75,38.9948
14,40.4101
14.25,38.732
14.5,34.4855
14.75,36.0673
15,37.9822
15.25,35.8161
15.5,43.0922
15.75,42.2346
16,42.8134
16.25,49.0304
16.5,54.7643
16.75,52.2423
17,58.0624
17.25,56.7448
17.5,57.4273
17.75,64.4857
18,60.1059
18.25,61.3505
18.5,63.1828
18.75,66.5839
19,66.5701
19.25,71.5079
19.5,73.7468
19.75,75.8304
20,72.5498
20.25,77.4061
20.5,68.2479
20.75,64.2305
21,62.5825
21.25,70.0752
21.5,70.4066
21.75,72.44
22,68.2409
22.25,65.0732
22.5,60.9441
22.75,65.7535
23,64.012
23.25,62.657
23.5,61.7928
23.75,67.0511
24,69.7117
24.25,67.8478
24.5,66.4439
24.75,67.7476
25,69.142
25.25,71.8488
25.5,71.4249
25.75,60.9621
26,61.0958
26.25,65.9131
26.5,69.1369
26.75,67.1391
27,72.1657
27.25,77.1745
27.5,74.7441
27.75,78.4013
28,77.937
28.25,82.768
28.5,83.1847
28.75,80.034
29,77.2813
29.25,91.7442
29.5,88.3202
29.75,88.0715
30,86.3046
30.25,88.1925
30.5,95.4313
30.75,90.5841
31,94.0757
31.25,96.1395
31.5,102.671
31.75,92.3019
32,95.9385
32.25,93.9843
32.5,96.1175
32.75,97.654
33,102.254
33.25,100.693
33.5,100.864
33.75,105.193
34,110.197
34.25,110.698
34.5,111.827
34.75,111.726
35,130.009
35.25,134.585
35.5,148.505
35.75,152.538
36,175.923
36.25,162.732
36.5,160.394
36.75,146.76
37,151.37
37.25,158.904
37.5,164.108
37.75,167.16
38,174.905
38.25,192.052
38.5,220.43
38.75,218.346
39,213.9
39.25,207.064
39.5,203.98
39.75,194.625
40,200.265
40.25,197.624
40.5,207.509
40.75,239.197
41,238.959
41.25,244.555
41.5,255.08
41.75,260.977
42,272.125
42.25,283.801
42.5,266.793
42.75,264.54
43,276.99
43.25,260.568
43.5,290.506
43.75,282.995
44,289.146
44.25,299.29
44.5,296.35
44.75,306.908
45,329.253
45.25,327.093
45.5,331.498
45.75,339.68
46,353.907
46.25,356.565
46.5,377.033
46.75,399.456
47,422.609
47.25,445.005
47.5,453.44
47.75,481.789
48,471.701
48.25,483.915
48.5,509.783
48.75,485.185
49,484.594
49.25,487.702
49.5,492.952
49.75,508.002
50,496.397
50.25,490.08
50.5,494.249
50.75,514.9
51,508.902
51.25,531.067
51.5,550.066
51.75,570.175
52,587.509
52.25,597.954
52.5,610.01
52.75,607.386
53,647.174
53.25,680.405
53.5,685.79
53.75,689.541
54,689.202
54.25,706.782
54.5,735.341
54.75,744.402
55,741.934
55.25,751.094
55.5,789.047
55.75,797.919
56,807.128
56.25,833.939
56.5,892.014
56.75,904.04
57,928.242
57.25,936.23
57.5,945.581
57.75,938.668
58,921.875
58.25,910.607
58.5,939.229
58.75,954.843
59,961.815
59.25,972.957
59.5,1029.17
59.75,1027.84
60,1039.27
60.25,1070.66
60.5,1078.66
60.75,1095.14
61,1131.41
61.25,1192.89
61.5,1208.59
61.75,1237.45
62,1260.07
62.25,1277.9
62.5,1301.19
62.75,1358.25
63,1387.58
63.25,1376.3
63.5,1367.46
63.75,1367.67
64,1408.86
64.25,1453.72
64.5,1511.54
64.75,1541.91
65,1597.11
65.25,1645.66
65.5,1678.55
65.75,1720.77
66,1763.49
66.25,1770.33
66.5,1770.29
66.75,1795.56
67,1824.19
67.25,1830.15
67.5,1886.19
67.75,1899.9
68,1965.99
68.25,2034.3
68.5,2046.84
68.75,2097.69
69,2160.32
69.25,2204.73
69.5,2227.42
69.75,2269.35
70,2342.87
70.25,2421.37
70.5,2449.13
70.75,2464.49
71,2488.56
71.25,2517.86
71.5,2579.46
71.75,2613.11
72,2648.81
72.25,2704.21
72.5,2713.25
72.75,2718.05
73,2741.35
73.25,2813.96
73.5,2830.69
73.75,2923.52
74,3035.93
74.25,3058.62
74.5,3168.48
74.75,3221.21
75,3262.31
75.25,3310.12
75.5,3316.43
75.75,3332.12
76,3371.1
76.25,3428.5
76.5,3512.02
76.75,3518.39
77,3550.71
77.25,3601.46
77.5,3675.8
77.75,3735.94
78,3752.15
78.25,3826.59
78.5,3897.55
78.75,3935.19
79,4069.06
79.25,4136.52
79.5,4182.4
79.75,4223.55
80,4295.06
80.25,4383.4
80.5,4423.49
80.75,4482.29
81,4510.97
81.25,4555.29
81.5,4589.47
81.75,4617.41
82,4633.62
82.25,4746.7
82.5,4849.32
82.75,4901.41
83,4894.5
83.25,4912.46
83.5,4932.14
83.75,5038.66
84,5122.51
84.25,5236.49
84.5,5232.07
84.75,5330.95
85,5383.58
85.25,5435.28
85.5,5577.77
85.75,5696.14
86,5788.21
86.25,5783.7
86.5,5859.47
86.75,5993.42
87,6041.89
87.25,6052.49
87.5,6043.85
87.75,6060.94
88,6107.71
88.25,6162.37
88.5,6212.49
88.75,6328.02
89,6394.22
89.25,6425.29
89.5,6450.52
89.75,6532.8
90,6653
90.25,6715.15
90.5,6784.1
90.75,6832.43
91,6871.5
91.25,6937.27
91.5,6945.75
91.75,7023.2
92,7108.18
92.25,7136.72
92.5,7148.54
92.75,7227.42
93,7226.7
93.25,7249.21
93.5,7265
93.75,7176.66
94,7144.26
94.25,7177.02
94.5,7203.32
94.75,7171.21
95,7261.55
95.25,7333.04
95.5,7406.75
95.75,7390.27
96,7416.37
96.25,7470.45
96.5,7510.66
96.75,7514.24
97,7607.57
97.25,7690.93
97.5,7679.55
97.75,7652.2
98,7607.25
98.25,7562.76
98.5,7604.02
98.75,7587.14
99,7565.87
99.25,7571.39
99.5,7515.62
99.75,7513.85
100,7472.16
100.25,7495.88
100.5,7483.66
100.75,7450.64
101,7446.78
101.25,7445.19
101.5,7429.89
101.75,7410.3
102,7399.56
102.25,7352.19
102.5,7355.02
102.75,7354.29
103,7334.61
103.25,7300.51
103.5,7246.24
103.75,7201.43
104,7167.38
104.25,7136.86
104.5,7113.1
104.75,7157.62
105,7082.24
105.25,6984.01
105.5,6924.68
105.75,6892.71
106,6814.12
106.25,6725.04
106.5,6683.64
106.75,6637.32
107,6543.15
107.25,6534.8
107.5,6462.78
107.75,6443.04
108,6428.91
108.25,6373.4
108.5,6332.19
108.75,6286.58
109,6221.75
109.25,6190.99
109.5,6185.66
109.75,6094.71
110,6029.22
110.25,5974.01
110.5,5888.7
110.75,5838.94
111,5767.37
111.25,5731.12
111.5,5661.88
111.75,5576.82
112,5485.8
112.25,5398.44
112.5,5366.05
112.75,5299.14
113,5257.49
113.25,5190.09
113.5,5123.28
113.75,5019.15
114,4959.76
114.25,4886.64
114.5,4832.21
114.75,4781.37
115,4764.42
115.25,4683.75
115.5,4611.34
115.75,4573.83
116,4534.87
116.25,4444.12
116.5,4374.87
116.75,4320.91
117,4278.68
117.25,4194.99
117.5,4153.33
117.75,4076.4
118,3983.4
118.25,3929.2
118.5,3869.32
118.75,3803.31
119,3721.79
119.25,3643.87
119.5,3596.64
119.75,3564.6
120,3528.78
120.25,3509.97
120.5,3424.24
120.75,3331.05
121,3294.87
121.25,3238.13
121.5,3165.72
121.75,3119.27
122,3083.94
122.25,3036.35
122.5,3005.24
122.75,2951.37
123,2914.88
123.25,2879.23
123.5,2840.03
123.75,2804.88
124,2761.77
124.25,2720.32
124.5,2653.37
124.75,2623.29
125,2571.57
125.25,2513.06
125.5,2450.3
125.75,2432.22
126,2396.42
126.25,2340.52
126.5,2299.86
126.75,2274.76
127,2236.52
127.25,2182.93
127.5,2173.39
127.75,2121.61
128,2100.29
128.25,2049.82
128.5,2020.58
128.75,1970.97
129,1922.42
129.25,1893.91
129.5,1877.25
129.75,1832.85
130,1790.27
130.25,1751.67
130.5,1719.58
130.75,1696.76
131,1666.99
131.25,1615.93
131.5,1589.33
131.75,1575
132,1544.57
132.25,1517.25
132.5,1489.14
132.75,1455.95
133,1435.15
133.25,1416.66
133.5,1392.12
133.75,1377.6
134,1357.35
134.25,1325.91
134.5,1298.96
134.75,1269.67
135,1231.97
135.25,1202.58
135.5,1192.81
135.75,1163.56
136,1134.64
136.25,1120.05
136.5,1097.74
136.75,1077.04
137,1050.43
137.25,1036.43
137.5,1019.82
137.75,996.152
138,987.382
138.25,965.061
138.5,946.52
138.75,941.831
139,907.57
139.25,895.977
139.5,872.047
139.75,849.167
140,836.879
140.25,801.339
140.5,792.542
140.75,767.331
141,756.736
141.25,743.627
141.5,727.418
141.75,717.61
142,706.513
142.25,687.216
142.5,681.024
142.75,666.326
143,658.165
143.25,646.658
143.5,627.326
143.75,625.406
144,615.302
144.25,590.445
144.5,576.088
144.75,561.118
145,545.376
145.25,545.102
145.5,531.946
145.75,526.679
146,503.838
146.25,501.52
146.5,494.786
146.75,479.123
147,472.503
147.25,470.858
147.5,462.764
147.75,452.252
148,448.744
148.25,434.57
148.5,421.438
148.75,406.819
149,401.101
149.25,395.905
149.5,388.344
149.75,386.548
150,381.594
150.25,374.41
150.5,360.904
150.75,355.643
151,358.657
151.25,341.5
151.5,334.664
151.75,328.288
152,324.497
152.25,330.897
152.5,330.069
152.75,333.325
153,329.348
153.25,317.319
153.5,311.448
153.75,301.086
154,297.283
154.25,292.49
154.5,294.345
154.75,278.297
155,266.154
155.25,256.514
155.5,256.364
155.75,244.962
156,242.843
156.25,230.409
156.5,234.072
156.75,226.517
157,220.562
157.25,213.113
157.5,206.895
157.75,202.411
158,197.566
158.25,197.964
158.5,197.558
158.75,191.978
159,195.463
159.25,186.872
159.5,179.945
159.75,173.451
160,171.083
160.25,167.952
160.5,167.614
160.75,166.079
161,159.395
161.25,154.623
161.5,148.903
161.75,145.052
162,145.432
162.25,148.517
162.5,149.036
162.75,147.897
163,144.505
163.25,140.247
163.5,139.918
163.75,137.733
164,131.416
164.25,126.416
164.5,125.523
164.75,124.632
165,120.219
165.25,116.113
165.5,119.566
165.75,121.574
166,120.248
166.25,121.061
166.5,115.131
166.75,110.195
167,107.77
167.25,105.609
167.5,104.975
167.75,103.177
168,103.141
168.25,100.904
168.5,100.83
168.75,97.9445
169,97.1985
169.25,95.9598
169.5,96.0229
169.75,92.3756
170,97.5818
170.25,94.9932
170.5,91.7263
170.75,89.831
171,85.3199
171.25,84.0588
171.5,82.6836
171.75,84.0448
172,80.1383
172.25,79.6787
172.5,73.5258
172.75,70.311
173,69.6805
173.25,69.4025
173.5,66.4
173.75,63.0094
174,61.1604
174.25,59.4398
174.5,58.5406
174.75,56.2068
175,55.4228
175.25,55.1257
175.5,52.4464
175.75,51.8287
176,51.7844
176.25,54.3498
176.5,52.2067
176.75,50.8634
177,50.2958
177.25,47.7844
177.5,47.4912
177.75,47.9513
178,47.2822
178.25,48.4799
178.5,46.7789
178.75,45.9666
179,46.6822
179.25,46.6096
179.5,46.9357
179.75,45.554
180,39.6876
180.25,36.6194
180.5,36.7284
180.75,33.7857
181,31.5601
181.25,31.8833
181.5,31.2951
181.75,30.9682
182,31.8214
182.25,31.302
182.5,30.8321
182.75,33.8487
183,33.6133
183.25,33.7689
183.5,34.9832
183.75,35.0955
184,33.9129
184.25,32.6429
184.5,35.2612
184.75,35.3825
185,35.3436
185.25,31.1245
185.5,30.4481
185.75,29.3719
186,29.546
186.25,27.6104
186.5,23.0143
186.75,21.9506
187,20.8991
187.25,20.7474
187.5,18.8548
187.75,18.327
188,18.9591
188.25,18.6385
188.5,19.0914
188.75,17.5402
189,17.8889
189.25,18.0522
189.5,17.0886
189.75,17.4977
190,17.8264
190.25,17.8552
190.5,17.7421
190.75,16.6683
191,16.4822
191.25,15.1917
191.5,13.941
191.75,15.0388
192,14.9437
192.25,15.3372
192.5,13.6324
192.75,13.5157
193,16.0141
193.25,15.4551
193.5,14.28
193.75,14.3217
194,14.3846
194.25,15.4021
194.5,12.6376
194.75,11.4481
195,11.3639
195.25,10.7466
195.5,10.9559
195.75,10.6184
196,11.5212
196.25,11.4161
196.5,10.8812
196.75,10.8779
197,9.24616
197.25,9.58265
197.5,9.16034
197.75,8.54196
198,8.46641
198.25,8.24187
198.5,7.87321
198.75,7.8044
199,7.67077
199.25,7.83345
199.5,7.79189
199.75,7.77749
200,7.11828
200.25,5.25445
200.5,5.09553
200.75,5.06157
201,5.75141
201.25,5.53675
201.5,6.84172
201.75,7.29784
202,7.82633
202.25,9.5419
202.5,10.4124
202.75,10.3962
203,9.96348
203.25,9.66948
203.5,9.4839
203.75,8.19849
204,7.49488
204.25,7.45173
204.5,4.49811
204.75,4.26506
205,4.09415
205.25,5.13159
205.5,3.80208
205.75,3.72075
206,3.65323
206.25,3.32986
206.5,3.13837
206.75,2.71648
207,4.07866
207.25,4.70527
207.5,4.30329
207.75,5.21604
208,5.77878
208.25,5.87549
208.5,5.91188
208.75,3.89842
209,3.93616
209.25,3.7644
209.5,3.75236
209.75,3.52604
210,3.28599
210.25,2.95006
210.5,3.02986
210.75,3.09186
211,2.91612
211.25,4.19749
211.5,3.19517
211.75,3.18997
212,3.39832
212.25,4.27235
212.5,3.99885
212.75,4.20579
213,3.12095
213.25,3.67865
213.5,3.05264
213.75,1.87481
214,2.05816
214.25,2.00616
214.5,1.95411
214.75,1.93558
215,2.09452
215.25,2.1331
215.5,1.88908
215.75,1.84988
216,1.84677
216.25,1.68322
216.5,1.68322
216.75,1.79707
217,1.737
217.25,1.75346
217.5,1.7776
217.75,1.78053
218,1.78098
218.25,1.76857
218.5,1.84754
218.75,1.8058
219,1.72925
219.25,1.6902
219.5,1.42906
219.75,1.34917
220,1.18415
220.25,1.20218
220.5,1.18984
220.75,1.19992
221,1.20341
221.25,1.21389
221.5,1.21389
221.75,1.19263
222,1.19263
222.25,1.22951
222.5,1.22973
222.75,1.22985
223,1.22985
223.25,1.22985
223.5,1.05733
223.75,0.298125
224,0.405653
224.25,0.405348
224.5,0.434275
224.75,0.32342
225,0.50929
225.25,0.590113
225.5,0.67132
225.75,0.671433
226,0.429865
226.25,0.429865
226.5,0.470469
226.75,0.470469
227,0.566602
227.25,0.566602
227.5,0.566602
227.75,0.542372
228,0.467897
228.25,0.436443
228.5,0.435653
228.75,0.204673
229,0.204673
229.25,0.0832034
229.5,0.0832034
229.75,0.0832034
230,0.0832034
230.25,0.0832034
230.5,0.0832034
230.75,0.0832034
231,0.0832034
231.25,0.0832034
231.5,0.0832034
231.75,0.0832034
232,0.0704058
232.25,0.0730036
232.5,0.0730041
232.75,0.0730041
233,0.00779387
233.25,0.00779387
233.5,0.00779411
233.75,7.12441e-07
234,7.12441e-07
234.25,7.12441e-07
234.5,0.218011
234.75,0.218011
235,0.327016
235.25,0.329159
235.5,0.327016
235.75,0.327016
236,0.327016
236.25,0.327016
236.5,0.327016
236.75,0.327016
237,0.327016
237.25,0.327016
237.5,0.327016
237.75,0.327016
238,0.303657
238.25,0.311861
238.5,0.311861
238.75,0.303657
239,0.303657
239.25,0.382257
239.5,0.382257
239.75,0.368793
240,0.401361
240.25,0.378003
240.5,0.280299
240.75,0.280299
241,0.280299
241.25,0.280299
241.5,0.280299
241.75,0.280299
242,0.280299
242.25,0.280299
242.5,0.280299
242.75,0.280299
243,0.256941
243.25,0.256941
243.5,0.256941
243.75,0.256941
244,0
244.25,0
244.5,0
244.75,0
245,0
245.25,0
245.5,0
245.75,0
246,0
246.25,0
246.5,0
246.75,0
247,0
247.25,0
247.5,0
247.75,0
248,0
248.25,0
248.5,0
248.75,0
249,0
249.25,0
249.5,0
249.75,0
250,0
250.25,0
250.5,0
250.75,0
251,0.0240567
251.25,0.0240567
251.5,0.0240567
251.75,0.0240567
252,0.0240567
252.25,0.0240567
252.5,0.0240567
252.75,0.0240567
253,0
253.25,0
253.5,0
253.75,0
254,0
254.25,0
254.5,0
254.75,0
255,0
255.25,0
255.5,0
255.75,0
256,0
256.25,0
256.5,0
256.75,0
257,0
257.25,0
257.5,0
257.75,0
258,0
258.25,0
258.5,0
258.75,0
259,0
259.25,0
259.5,0
259.75,0
260,0
260.25,0
260.5,0
260.75,0
261,0
261.25,0
261.5,0
261.75,0
262,0
262.25,0
262.5,0
262.75,0
263,0
263.25,0
263.5,0
263.75,0
264,0
264.25,0
264.5,0
264.75,0
265,0
265.25,0
265.5,0
265.75,0
266,0
266.25,0
266.5,0
266.75,0
267,0
267.25,0
267.5,0
267.75,0
268,0
268.25,0
268.5,0
268.75,0
269,0
269.25,0
269.5,0
269.75,0
270,0
270.25,0
270.5,0
270.75,0
271,0
271.25,0
271.5,0
271.75,0
272,0
272.25,0
272.5,0
272.75,0
273,0
273.25,0
273.5,0
273.75,0
274,0
274.25,0
274.5,0
274.75,0
275,0
275.25,0
275.5,0
275.75,0
276,0
276.25,0
276.5,0
276.75,0
277,0
277.25,0
277.5,0
277.75,0
278,0
278.25,0
278.5,0
278.75,0
279,0
279.25,0
279.5,0
279.75,0
280,0
280.25,0
280.5,0
280.75,0
281,0
281.25,0
281.5,0
281.75,0
282,0
282.25,0
282.5,0
282.75,0
283,0
283.25,0
283.5,0
283.75,0
284,0
284.25,0
284.5,0
284.75,0
285,0
285.25,0
285.5,0
285.75,0
286,0
286.25,0
286.5,0
286.75,0
287,0
287.25,0
287.5,0
287.75,0
288,0
288.25,0
288.5,0
288.75,0
289,0
289.25,0
289.5,0
289.75,0
290,0
290.25,0
290.5,0
290.75,0
291,0
291.25,0
291.5,0
291.75,0
292,0
292.25,0
292.5,0
292.75,0
293,0
293.25,0
293.5,0
293.75,0
294,0
294.25,0
294.5,0
294.75,0
295,0
295.25,0
295.5,0
295.75,0
296,0
296.25,0
296.5,0
296.75,0
297,0
297.25,0
297.5,0
297.75,0
298,0
298.25,0
298.5,0
298.75,0
299,0
299.25,0
299.5,0
299.75,0
300,0
300.25,0
300.5,0
300.75,0
301,0
301.25,0
301.5,0
301.75,0
302,0
302.25,0
302.5,0
302.75,0
303,0
303.25,0
303.5,0
303.75,0
304,0
304.25,0
304.5,0
304.75,0
305,0
305.25,0
305.5,0
305.75,0
306,0
306.25,0
306.5,0
306.75,0
307,0
307.25,0
307.5,0
307.75,0
308,0
308.25,0
308.5,0
308.75,0
309,0
309.25,0
309.5,0
309.75,0
310,0
310.25,0
310.5,0
310.75,0
311,0
311.25,0
311.5,0
311.75,0
312,0
312.25,0
312.5,0
312.75,0
313,0
313.25,0
313.5,0
313.75,0
314,0
314.25,0
314.5,0
314.75,0
315,0
315.25,0
315.5,0
315.75,0
316,0
316.25,0
316.5,0
316.75,0
317,0
317.25,0
317.5,0
317.75,0
318,0
318.25,0
318.5,0
318.75,0
319,0
319.25,0
319.5,0
319.75,0
320,0
320.25,0
320.5,0
320.75,0
321,0
321.25,0
321.5,0
321.75,0
322,0
322.25,0
322.5,0
322.75,0
323,0
323.25,0
323.5,0
323.75,0
324,0
324.25,0
324.5,0
324.75,0
325,0
325.25,0
325.5,0
325.75,0
326,0
326.25,0
326.5,0
326.75,0
327,0
327.25,0
327.5,0
327.75,0
328,0
328.25,0
328.5,0
328.75,0
329,0
329.25,0
329.5,0
329.75,0
330,0
330.25,0
330.5,0
330.75,0
331,0
331.25,0
331.5,0
331.75,0
332,0
332.25,0
332.5,0
332.75,0
333,0
333.25,0
333.5,0
333.75,0
334,0
334.25,0
334.5,0
334.75,0
335,0
335.25,0
335.5,0
335.75,0
336,0
336.25,0
336.5,0
336.75,0
337,0
337.25,0
337.5,0
337.75,0
338,0
338.25,0
338.5,0
338.75,0
339,0
339.25,0
339.5,0
339.75,0
340,0
340.25,0
340.5,0
340.75,0
341,0
341.25,0
341.5,0
341.75,0
342,0
342.25,0
342.5,0
342.75,0
343,0
343.25,0
343.5,0
343.75,0
344,0
344.25,0
344.5,0
344.75,0
345,0
345.25,0
345.5,0
345.75,0
346,0
346.25,0
346.5,0
346.75,0
347,0
347.25,0
347.5,0
347.75,0
348,0
348.25,0
348.5,0
348.75,0
349,0
349.25,0
349.5,0
349.75,0
350,0
350.25,0
350.5,0
350.75,0
351,0
351.25,0
351.5,0
351.75,0
352,0
352.25,0
352.5,0
352.75,0
353,0
353.25,0
353.5,0
353.75,0
354,0
354.25,0
354.5,0
354.75,0
355,0
355.25,0
355.5,0
355.75,0
356,0
356.25,0
356.5,0
356.75,0
357,0
357.25,0
357.5,0
357.75,0
358,0
358.25,0
358.5,0
358.75,0
359,0
359.25,0
359.5,0
359.75,0
360,0
360.25,0
360.5,0
360.75,0
361,0
361.25,0
361.5,0
361.75,0
362,0
362.25,0
362.5,0
362.75,0
363,0
363.25,0
363.5,0
363.75,0
364,0
364.25,0
364.5,0
364.75,0
365,0
365.25,0
365.5,0
365.75,0
366,0
366.25,0
366.5,0
366.75,0
367,0
367.25,0
367.5,0
367.75,0
368,0
368.25,0
368.5,0
368.75,0
369,0
369.25,0
369.5,0
369.75,0
370,0
370.25,0
370.5,0
370.75,0
371,0
371.25,0
371.5,0
371.75,0
372,0
372.25,0
372.5,0
372.75,0
373,0
373.25,0
373.5,0
373.75,0
374,0
374.25,0
374.5,0
374.75,0
375,0
375.25,0
375.5,0
375.75,0
376,0
376.25,0
376.5,0
376.75,0
377,0
377.25,0
377.5,0
377.75,0
378,0
378.25,0
378.5,0
378.75,0
379,0
379.25,0
379.5,0
379.75,0
380,0
380.25,0
380.5,0
380.75,0
381,0
381.25,0
381.5,0
381.75,0
382,0
382.25,0
382.5,0
382.75,0
383,0
383.25,0
383.5,0
383.75,0
384,0
384.25,0
384.5,0
384.75,0
385,0
385.25,0
385.5,0
385.75,0
386,0
386.25,0
386.5,0
386.75,0
387,0
387.25,0
387.5,0
387.75,0
388,0
388.25,0
388.5,0
388.75,0
389,0
389.25,0
389.5,0
389.75,0
390,0
390.25,0
390.5,0
390.75,0
391,0
391.25,0
391.5,0
391.75,0
392,0
392.25,0
392.5,0
392.75,0
393,0
393.25,0
393.5,0
393.75,0
394,0
394.25,0
394.5,0
394.75,0
395,0
395.25,0
395.5,0
395.75,0
396,0
396.25,0
396.5,0
396.75,0
397,0
397.25,0
397.5,0
397.75,0
398,0
398.25,0
398.5,0
398.75,0
399,0
399.25,0
399.5,0
399.75,0
400,0
400.25,0
400.5,0
400.75,0
401,0
401.25,0
401.5,0
401.75,0
402,0
402.25,0
402.5,0
402.75,0
403,0
403.25,0
403.5,0
403.75,0
404,0
404.25,0
404.5,0
404.75,0
405,0
405.25,0
405.5,0
405.75,0
406,0
406.25,0
406.5,0
406.75,0
407,0
407.25,0
407.5,0
407.75,0
408,0
408.25,0
408.5,0
408.75,0
409,0
409.25,0
409.5,0
409.75,0
410,0
410.25,0
410.5,0
410.75,0
411,0
411.25,0
411.5,0
411.75,0
412,0
412.25,0
412.5,0
412.75,0
413,0
413.25,0
413.5,0
413.75,0
414,0
414.25,0
414.5,0
414.75,0
415,0
415.25,0
415.5,0
415.75,0
416,0
416.25,0
416.5,0
416.75,0
417,0
417.25,0
417.5,0
417.75,0
418,0
418.25,0
418.5,0
418.75,0
419,0
419.25,0
419.5,0
419.75,0
420,0
420.25,0
420.5,0
420.75,0
421,0
421.25,0
421.5,0
421.75,0
422,0
422.25,0
422.5,0
422.75,0
423,0
423.25,0
423.5,0
423.75,0
424,0
424.25,0
424.5,0
424.75,0
425,0
425.25,0
425.5,0
425.75,0
426,0
426.25,0
426.5,0
426.75,0
427,0
427.25,0
427.5,0
427.75,0
428,0
428.25,0
428.5,0
428.75,0
429,0
429.25,0
429.5,0
429.75,0
430,0
430.25,0
430.5,0
430.75,0
431,0
431.25,0
431.5,0
431.75,0
432,0
432.25,0
432.5,0
432.75,0
433,0
433.25,0
433.5,0
433.75,0
434,0
434.25,0
434.5,0
434.75,0
435,0
435.25,0
435.5,0
435.75,0
436,0
436.25,0
436.5,0
436.75,0
437,0
437.25,0
437.5,0
437.75,0
438,0
438.25,0
438.5,0
438.75,0
439,0
439.25,0
439.5,0
439.75,0
440,0
440.25,0
440.5,0
440.75,0
441,0
441.25,0
441.5,0
441.75,0
442,0
442.25,0
442.5,0
442.75,0
443,0
443.25,0
443.5,0
443.75,0
444,0
444.25,0
444.5,0
444.75,0
445,0
445.25,0
445.5,0
445.75,0
446,0
446.25,0
446.5,0
446.75,0
447,0
447.25,0
447.5,0
447.75,0
448,0
448.25,0
448.5,0
448.75,0
449,0
449.25,0
449.5,0
449.75,0
450,0
450.25,0
450.5,0
450.75,0
451,0
451.25,0
451.5,0
451.75,0
452,0
452.25,0
452.5,0
452.75,0
453,0
453.25,0
453.5,0
453.75,0
454,0
454.25,0
454.5,0
454.75,0
455,0
455.25,0
455.5,0
455.75,0
456,0
456.25,0
456.5,0
456.75,0
457,0
457.25,0
457.5,0
457.75,0
458,0
458.25,0
458.5,0
458.75,0
459,0
459.25,0
459.5,0
459.75,0
460,0
460.25,0
460.5,0
460.75,0
461,0
461.25,0
461.5,0
461.75,0
462,0
462.25,0
462.5,0
462.75,0
463,0
463.25,0
463.5,0
463.75,0
464,0
464.25,0
464.5,0
464.75,0
465,0
465.25,0
465.5,0
465.75,0
466,0
466.25,0
466.5,0
466.75,0
467,0
467.25,0
467.5,0
467.75,0
468,0
468.25,0
468.5,0
468.75,0
469,0
469.25,0
469.5,0
469.75,0
470,0
470.25,0
470.5,0
470.75,0
471,0
471.25,0
471.5,0
471.75,0
472,0
472.25,0
472.5,0
472.75,0
473,0
473.25,0
473.5,0
473.75,0
474,0
474.25,0
474.5,0
474.75,0
475,0
475.25,0
475.5,0
475.75,0
476,0
476.25,0
476.5,0
476.75,0
477,0
477.25,0
477.5,0
477.75,0
478,0
478.25,0
478.5,0
478.75,0
479,0
479.25,0
479.5,0
479.75,0
480,0
480.25,0
480.5,0
480.75,0
481,0
481.25,0
481.5,0
481.75,0
482,0
482.25,0
482.5,0
482.75,0
483,0
483.25,0
483.5,0
483.75,0
484,0
484.25,0
484.5,0
484.75,0
485,0
485.25,0
485.5,0
485.75,0
486,0
486.25,0
486.5,0
486.75,0
487,0
487.25,0
487.5,0
487.75,0
488,0
488.25,0
488.5,0
488.75,0
489,0
489.25,0
489.5,0
489.75,0
490,0
490.25,0
490.5,0
490.75,0
491,0
491.25,0
491.5,0
491.75,0
492,0
492.25,0
492.5,0
492.75,0
493,0
493.25,0
493.5,0
493.75,0
494,0
494.25,0
494.5,0
494.75,0
495,0
495.25,0
495.5,0
495.75,0
496,0
496.25,0
496.5,0
496.75,0
497,0
497.25,0
497.5,0
497.75,0
498,0
498.25,0
498.5,0
498.75,0
499,0
499.25,0
499.5,0
499.75,0
500,0
500.25,0
500.5,0
500.75,0
501,0
501.25,0
501.5,0
501.75,0
502,0
502.25,0
502.5,0
502.75,0
503,0
503.25,0
503.5,0
503.75,0
504,0
504.25,0
504.5,0
504.75,0
505,0
505.25,0
505.5,0
505.75,0
506,0
506.25,0
506.5,0
506.75,0
507,0
507.25,0
507.5,0
507.75,0
508,0
508.25,0
508.5,0
508.75,0
509,0
509.25,0
509.5,0
509.75,0
510,0
510.25,0
510.5,0
510.75,0
511,0
511.25,0
511.5,0
511.75,0
512,0
512.25,0
512.5,0
512.75,0
513,0
513.25,0
513.5,0
513.75,0
514,0
514.25,0
514.5,0
514.75,0
515,0
515.25,0
515.5,0
515.75,0
516,0
516.25,0
516.5,0
516.75,0
517,0
517.25,0
517.5,0
517.75,0
518,0
518.25,0
518.5,0
518.75,0
519,0
519.25,0
519.5,0
519.75,0
520,0
520.25,0
520.5,0
520.75,0
521,0
521.25,0
521.5,0
521.75,0
522,0
522.25,0
522.5,0
522.75,0
523,0
523.25,0
523.5,0
523.75,0
524,0
524.25,0
524.5,0
524.75,0
525,0
525.25,0
525.5,0
525.75,0
526,0
526.25,0
526.5,0
526.75,0
527,0
527.25,0
527.5,0
527.75,0
528,0
528.25,0
528.5,0
528.75,0
529,0
529.25,0
529.5,0
529.75,0
530,0
530.25,0
530.5,0
530.75,0
531,0
531.25,0
531.5,0
531.75,0
532,0
532.25,0
532.5,0
532.75,0
533,0
533.25,0
533.5,0
533.75,0
534,0
534.25,0
534.5,0
534.75,0
535,0
535.25,0
535.5,0
535.75,0
536,0
536.25,0
536.5,0
536.75,0
537,0
537.25,0
537.5,0
537.75,0
538,0
538.25,0
538.5,0
538.75,0
539,0
539.25,0
539.5,0
539.75,0
540,0
540.25,0
540.5,0
540.75,0
541,0
541.25,0
541.5,0
541.75,0
542,0
542.25,0
542.5,0
542.75,0
543,0
543.25,0
543.5,0
543.75,0
544,0
544.25,0
544.5,0
544.75,0
545,0
545.25,0
545.5,0
545.75,0
546,0
546.25,0
546.5,0
546.75,0
547,0
547.25,0
547.5,0
547.75,0
548,0
548.25,0
548.5,0
548.75,0
549,0
549.25,0
549.5,0
549.75,0
550,0
550.25,0
550.5,0
550.75,0
551,0
551.25,0
551.5,0
551.75,0
552,0
552.25,0
552.5,0
552.75,0
553,0
553.25,0
553.5,0
553.75,0
554,0
554.25,0
554.5,0
554.75,0
555,0
555.25,0
555.5,0
555.75,0
556,0
556.25,0
556.5,0
556.75,0
557,0
557.25,0
557.5,0
557.75,0
558,0
558.25,0
558.5,0
558.75,0
559,0
559.25,0
559.5,0
559.75,0
560,0
560.25,0
560.5,0
560.75,0
561,0
561.25,0
561.5,0
561.75,0
562,0
562.25,0
562.5,0
562.75,0
563,0
563.25,0
563.5,0
563.75,0
564,0
564.25,0
564.5,0
564.75,0
565,0
565.25,0
565.5,0
565.75,0
566,0
566.25,0
566.5,0
566.75,0
567,0
567.25,0
567.5,0
567.75,0
568,0
568.25,0
568.5,0
568.75,0
569,0
569.25,0
569.5,0
569.75,0
570,0
570.25,0
570.5,0
570.75,0
571,0
571.25,0
571.5,0
571.75,0
572,0
572.25,0
572.5,0
572.75,0
573,0
573.25,0
573.5,0
573.75,0
574,0
574.25,0
574.5,0
574.75,0
575,0
575.25,0
575.5,0
575.75,0
576,0
576.25,0
576.5,0
576.75,0
577,0
577.25,0
577.5,0
577.75,0
578,0
578.25,0
578.5,0
578.75,0
579,0
579.25,0
579.5,0
579.75,0
580,0
580.25,0
580.5,0
580.75,0
581,0
581.25,0
581.5,0
581.75,0
582,0
582.25,0
582.5,0
582.75,0
583,0
583.25,0
583.5,0
583.75,0
584,0
584.25,0
584.5,0
584.75,0
585,0
585.25,0
585.5,0
585.75,0
586,0
586.25,0
586.5,0
586.75,0
587,0
587.25,0
587.5,0
587.75,0
588,0
588.25,0
588.5,0
588.75,0
589,0
589.25,0
589.5,0
589.75,0
590,0
590.25,0
590.5,0
590.75,0
591,0
591.25,0
591.5,0
591.75,0
592,0
592.25,0
592.5,0
592.75,0
593,0
593.25,0
593.5,0
593.75,0
594,0
594.25,0
594.5,0
594.75,0
595,0
595.25,0
595.5,0
595.75,0
596,0
596.25,0
596.5,0
596.75,0
597,0
597.25,0
597.5,0
597.75,0
598,0
598.25,0
598.5,0
598.75,0
599,0
599.25,0
599.5,0
599.75,0
